s100001 Taro Aizu 80 20 100 100 100 10 5 -1
s100002 Jiro Aizu 100 90 90 90 100 90 90 90 90 -1
s100003 Nuri Aizu 0 100 -1
s100004 Taro Kin 0 100 100 -1
s100005 Atami Bandai 100 90 90 50 50 50 50 -1
s100006 Kogen Bandai 0 0 100 100 100 10 -1
s100007 Choucreme Hirota 50 50 50 50 50 50 50 50 50 50 50 50 50 -1
s100008 Kitakata Ramen 25 25 0 50 10 80 10 5 -1
s100009 Beko Aka 25 25 0 50 10 80 10 5 -1
s100010 Jo Tsuruga 25 25 0 50 10 80 10 5 -1
s100011 Byakko Tai 100 90 90 50 50 50 50 -1
s100012 Kan Nisshin 100 100 100 -1
s100013 Yashiki Buke 100 100 0 0 100 -1
s100014 Ujisato Gamo 30 20 10 20 30 40 50 60 -1
s100015 Iimori Yama 90 90 100 100 10 -1
s100016 En Oyaku 90 90 100 100 90 10 -1
s100017 San Iide 90 90 100 100 10 -1
s100018 Onsen Higashimaya 90 90 85 100 100 10 -1
s100019 Shiroko Inawa 90 90 100 100 -1
m100020 Homare Aizu 90 90 100 100 100 0 -1
m100021 Soba Shin 90 90 100 100 20 -1
m100022 Juku Ouchi 0 50 50 50 10 65 -1
m100023 Hetsuri Tono 90 90 100 100 10 -1
m100024 Ski Nekoma 90 90 100 100 10 -1
